1639743253,4992.48,5.60,26.00,6922.29,302.70,2084.00,6266,6267,2105,5985,6620,6507,517
1639743253,4992.57,5.70,30.00,6922.23,302.70,2084.00,6266,6266,2105,5985,6619,6506,517
1639743253,4992.59,5.20,26.00,6922.25,302.60,2088.00,6266,6266,2105,5985,6619,6507,517
1639743254,4992.49,5.40,22.00,6918.27,302.70,2084.00,6267,6266,2105,5985,6619,6507,51ó
1639743254,4992.45,5.90,30.00,6922.26,302.70,2084.00,6266,6266,2105,5984,6619,6505,517
1639743255,4992.51,5.50,26.00,6918.25,302.70,2084.00,6265,6264,2105,5984,6619,6505,517
1639743255,4992.53,5.30,26.00,6922.26,302.40,2084.00,6266,6265,2105,5983,6618,6505,517
1639743255,4992.34,5.20,26.00,6918.29,302.60,2084.00,6265,6264,2105,5984,6617,6505,517
1639743256,4992.52,5.50,26.00,6918.25,302.70,2084.00,6265,6264,2105,5983,6618,6505,517
1639743256,4992.52,5.30,22.00,6922.27,302.60,2088.00,6265,6263,2105,5982,6618,6505,517
